problem=nguyen7
ground_truth=y = log(x+1) + log(x^2+1)
op_inventory=polynomial
r2_train=0.9988450562389857
r2_test=0.9988570407072381
rating=0.023011831965115213
symbolic=-0.04459486031621694 + 1.403831176314339x₁
complexity=8
runtime=120
n_train=160
n_test=40
predictions_train=0.20549389430684833,2.339697472922096,0.4282746463479451,2.1152579457586613,2.208753113491821,2.266306291427929,2.6213357178564096,0.3313189405132516,1.435085334413781,1.4447627765388849,1.7219410058795013,1.8875312137531672,0.5147408087162733,2.6189470734524267,1.3717123626025454,1.443455290547385,0.548463087541569,1.774112642370744,0.8439251119179165,0.22713038362550347,0.6117721975619986,1.0045790461157995,2.7039028596195167,2.6523075434732735,2.4318718676084843,2.54765239202316,1.183539146363587,2.488816494582412,1.484901884843829,0.7467661151112279,1.5844435254267362,2.191450826865108,1.7482977117006857,0.0915309191472677,2.073237911896826,2.2794266585380116,0.43891459781345077,2.47061508037412,0.2221753866571981,0.3550838769673418,0.4941421905749641,2.7005075072461246,0.4704122721868683,1.3671992813931082,2.460278207490537,2.282500562294419,0.07468184194172905,1.2265837778088016,0.584920665450193,0.8214943289851342,2.7090414866351233,2.306360371026718,0.6561474149614692,2.6445112274505926,2.7310685832089874,2.044923772917975,2.5754257575402115,0.8989962760541697,0.2205367627419394,1.1426523174019496,1.9586754710614036,0.6013678861009195,2.594193687314229,2.128584583149119,1.7585460948991527,1.173689758056297,0.5435576144563955,1.6954037719425148,2.64031596766081,1.7086422742621046,1.878237904980026,1.121671700699067,2.4244683571670467,2.586994606882887,1.9590763240440938,2.5056737226708936,2.668852501156198,1.370524500861405,1.3915393795216071,1.8784260077474548,1.651211447776228,1.0795186610365226,1.4894370588954355,2.24989549333083,0.7022190664218706,2.701510865050372,0.2125449354848809,0.9421979434719139,2.0825760281558927,1.8083497725280322,1.6123292036774457,0.6613040697149699,1.4020335377468869,0.25009004485483344,1.9167898762817062,0.1251107417907515,2.5835954765964515,0.6138686765918646,2.7330583195875624,0.031169213372950824,1.4311540036731987,2.7589792369822046,2.235278999228192,1.0522560297722547,2.5819198568834816,0.9015393615020432,0.6814258286080492,1.593874461898256,2.0117182927853263,1.8654507209044782,1.1270407376801816,2.534426832629444,0.8280172351277565,2.2072962577754014,2.758333885215565,2.3953941110114023,0.28460010544632713,0.414553695882671,0.4986753998538259,0.9923880058505464,1.4797672003490667,2.6001314985819395,0.9310913606336819,0.27013239143951967,0.49279401019382263,2.581038450615077,1.8141283560123855,2.301106942525245,0.6942353649195918,0.09949011269670287,2.2092913330127115,0.7422327607010961,2.727202483840904,0.28483135202073134,0.6802681843211893,0.9243984722664405,1.311568209136358,1.390839991146511,0.3409715559806137,1.1423357230267437,1.73821602961729,0.5734554451924346,1.280560791525533,1.0666914902015279,1.8027614091497608,-0.042586666609845315,2.72087569135842,1.0385503144267338,1.1208037508219977,2.27683025542214,1.084703550511566,0.51154600259094,0.5401548149007489,1.8042697548784399,1.318902743957977,0.6805112027386947,0.85852235807874,0.11066388787579474,2.119183333157499,0.4679618947933464
predictions_test=0.49243372349072256,0.9392536348707011,0.0005944727938284738,0.6319676900901692,1.6315746862654554,0.32966516408398827,0.44274394151551455,1.7035882562195457,0.46723488681928704,1.971795298227391,1.9157991704050366,0.29277032598615166,2.7030917191781163,2.0671006696359475,0.4227086547056697,1.995763349708953,2.4697701330439257,0.5143944227135411,2.081650724631288,1.7818190329444679,2.137810234566939,1.7851672155986784,1.5353968807320062,0.7651834314122093,1.92065102738214,0.8778279542503029,1.0475006524860282,2.3146877705852327,0.9182978465536118,2.4443703394372482,0.8031156951125868,2.7092003118694725,2.421192392393847,1.9990995021380535,0.12051898719416128,0.059196841385344395,0.15941149215315942,2.3498094129792286,2.7595868894525615,2.5972914088894172
train_indices=174,50,142,65,194,29,177,79,5,66,83,144,173,154,27,91,13,111,123,141,190,148,119,150,169,135,158,95,11,86,26,157,106,103,57,184,200,25,45,69,132,62,14,37,180,87,38,73,63,54,9,22,85,107,46,52,77,35,10,167,131,185,71,98,192,12,53,147,93,96,188,130,115,101,165,170,197,75,80,172,179,97,193,108,122,58,31,48,82,23,195,55,136,151,61,74,196,126,19,17,163,59,24,7,32,117,3,159,102,143,175,198,89,109,43,191,183,42,181,88,34,116,15,153,128,164,40,134,56,127,8,99,49,105,140,162,6,47,125,137,21,112,67,129,199,92,124,114,176,78,39,94,44,110,149,36,2,20,146,81
test_indices=155,30,60,152,182,145,1,16,168,138,64,84,18,139,4,70,121,90,118,189,161,120,186,166,104,187,178,76,51,33,133,68,160,113,171,100,28,41,72,156
