problem=polynomial
ground_truth=y = x1^2 + 2*x2
op_inventory=polynomial
r2_train=0.9999865823390537
r2_test=0.9999868933507581
rating=0.07437367091396957
symbolic=0.00590071001071632 + 1.9976792964343912x₂ + 0.9934383588559813(x₁^2)
complexity=13
runtime=27.194000005722046
n_train=160
n_test=40
predictions_train=0.7767579829839346,-0.32573967415757077,0.09791541739881257,1.0969671069345535,-1.1548857359934337,3.480407323671829,6.321176448739379,-0.1541054157465934,-2.818961078639026,0.12281640466455687,1.5168023103938377,1.833650456112271,3.573184456796891,-2.6715095771577593,2.7153266641822156,0.6368262568042329,0.46573779685713546,-1.5787193611072903,-1.242716509582956,-0.4002975380466514,-0.3943614034205089,-3.0277777880802237,2.178248572790195,-1.2034823269469048,-0.7761883289627682,1.1351579183546352,-2.8775652400784484,2.1421301184412056,2.072098130587586,-2.2914574416860565,-2.6704163410696595,3.6495250277106925,2.2478676164091813,1.8642784773218102,3.113833707317914,2.900440250260014,0.4508124260470068,0.9769124675199226,-2.6865870328351296,0.6060892388652446,0.8250517982341996,0.40527382120670763,1.4749089848087809,-1.39550096582314,2.2435099641826017,3.3212898869283345,3.2481655629739414,2.6120482376245793,-0.6782052266160026,0.9141127110147773,5.366819194739903,1.625624617997612,-2.534775127791516,2.0472050495309273,-3.2334852836447543,0.17329481746871087,2.768790544176572,-3.8299192064780097,0.5138082168384128,-0.6172583389925154,0.326417260877094,4.352436831864154,0.8974956557552936,-3.849257039687427,0.4284856419393287,2.2896078730712137,-0.2837678672009184,-4.144053083318592,4.551213878847765,2.835936342802884,-1.229094354478329,0.5957246471726877,-0.09112255961332397,3.698706450834199,1.3402692532857632,6.5272873726424425,4.967367454419114,-0.5669480003198809,0.21967979545811087,1.591121135148751,1.9088461138499135,1.5193130064859035,-0.5940791151037788,-5.310354286654862,1.8173488724559121,4.669625220635292,1.6738944500673454,0.7470358450117177,0.24753126827502644,-1.0116929251050388,-1.5343101827175518,-1.419587158839905,3.223650883174405,2.9166848348205567,4.023549293272486,-0.13159642415557254,0.9306933595670472,-1.1709307408156615,-1.9144251858334933,-2.444500637678392,1.5060259446181927,1.1781827644068996,5.5906887532782665,3.074899063331802,0.9729268325313352,-2.6843163213840793,-3.461078467080211,-1.2917273754764709,1.3710993043203314,2.6349487223310417,-3.0920417577254358,0.7929941281666807,2.0767562558672945,2.1018066183515725,5.02309520774135,5.189511198320581,-0.21682423570988754,-0.7974616005802461,-1.0811587394714766,1.015571584483791,0.0835956939818506,1.2961047336289622,0.5144860771198926,-0.15263114459839677,-0.41642044697635966,3.923921882019743,-1.8682700489941322,1.1797300015955223,-0.06774783528053027,0.41746974372248963,3.989456565942828,3.238723162544846,-1.3854475680381975,1.0168456695184036,1.9491781795194747,-1.3924519568487304,-1.7266581423532297,-1.280399537186308,1.5712397088046328,2.2719554222635283,2.36238498227208,1.6977055081432646,-0.002132949129496713,1.6247100500061098,1.4984647600443444,-1.3429940224181611,1.5936422530431318,0.2896272403223874,-4.353043462157803,-2.073408046711253,0.6628053354646148,-0.11133915583375112,1.1630034922307197,3.769321890909708,-3.3260367656078005,-1.7930391542634543,0.20907872005132058,0.053294114955808145,-2.0784999300166733,-0.8010580190006068
predictions_test=-0.027559209837019674,0.653519433456776,-1.6348510456409229,-2.7309886250219533,-1.6495775314229917,0.39379925553344014,-1.0641384953537267,4.260939150533095,1.1149640972170938,2.0886709050054817,2.2995341490233043,-3.584387169782632,1.3099958082727217,-1.9011542151999907,-0.22994053042993315,-3.054585393621316,0.3370876995395677,1.1216144461738444,1.8113923469160629,-1.3183823220937243,0.6625501719961964,-1.7936828255085404,3.923758608702126,-0.23546728739098652,1.529494469261462,2.1418639360024807,3.1881100236936355,3.5400289758165,-1.2206034132114654,3.697495933705036,1.1246663926846598,-1.2026528170493123,2.6383099613837815,1.7382084854640256,0.7999887130230109,0.02645750173835752,1.3203168182054856,-0.1585914327844555,4.970222380258074,-2.053432550107579
train_indices=174,50,142,65,194,29,177,79,5,66,83,144,173,154,27,91,13,111,123,141,190,148,119,150,169,135,158,95,11,86,26,157,106,103,57,184,200,25,45,69,132,62,14,37,180,87,38,73,63,54,9,22,85,107,46,52,77,35,10,167,131,185,71,98,192,12,53,147,93,96,188,130,115,101,165,170,197,75,80,172,179,97,193,108,122,58,31,48,82,23,195,55,136,151,61,74,196,126,19,17,163,59,24,7,32,117,3,159,102,143,175,198,89,109,43,191,183,42,181,88,34,116,15,153,128,164,40,134,56,127,8,99,49,105,140,162,6,47,125,137,21,112,67,129,199,92,124,114,176,78,39,94,44,110,149,36,2,20,146,81
test_indices=155,30,60,152,182,145,1,16,168,138,64,84,18,139,4,70,121,90,118,189,161,120,186,166,104,187,178,76,51,33,133,68,160,113,171,100,28,41,72,156
