problem=rational
ground_truth=y = x1 / (1 + x2^2)
op_inventory=rational
r2_train=0.891293153514041
r2_test=0.7853349376252897
rating=0.0730654208165654
symbolic=0.0027948140348877516 + 0.6982385098366054x₁
complexity=10
runtime=11.340999841690063
n_train=160
n_test=40
predictions_train=-0.08184896469405105,-1.0732342962316401,-0.22594715722081585,0.6719502978657532,-0.7748660254416709,0.7733626653734252,-1.9159819369382545,0.03418161593109045,0.5727716331507761,-0.8164152066668057,-0.8593684403047678,0.339463594899814,-0.26421825788934256,-0.7619966523120077,0.6311705878113041,0.7162821929379359,0.3057506403486666,-0.2960919257628771,-0.16272149165069127,0.06893462798897614,0.20163105609449972,-0.2792889277655106,-1.2590315773880012,-0.7273432710047969,-0.7431224969009158,-0.5895883880282157,0.3488136958128814,-0.7381184652514768,-0.5734855522563697,-0.282155412819905,0.4558462011221354,-0.6550897837975943,0.15249180269265697,-0.09804033905849235,-1.2073805872699164,0.8745353772231701,-0.13343087560577852,1.058805155840709,-0.1165756530284,-0.3400504855673747,0.20037100161054705,0.9135575359810661,-0.2733165111030319,0.4426032761707481,1.61593942450795,-1.2029230818751095,-0.04581110232914987,0.6521596460832018,-0.30444217149030434,0.6973296383084641,-1.4735151877496417,-1.0183418574617187,-0.5457810400337,1.0707116882340442,-0.5663500424991795,0.446668325299786,-1.1113245262183205,-0.26645366986052244,0.03336485648931138,0.6393149140823459,0.5744168638464698,0.26043423243471653,-0.7310778940589023,0.5992025224051497,0.3985835754752882,0.5895166203388501,-0.33139806402567185,0.5055060422130856,-1.0451048753578198,0.7264636252292922,-0.6831749996493136,-0.20761302576567942,0.8713195565602064,1.195514887495179,-0.6248144794141003,1.6727887603110838,1.2592994723825433,-0.6197394103829649,-0.5504079853007775,0.6279118901352679,0.8610522617580506,0.5079457204306939,0.5040404006819389,0.1943725481424418,0.2238313640796256,-0.6307665137947649,0.12238258068823099,-0.13197022051790513,-0.9779908040151349,0.911183242947878,-0.5607598448842767,0.23344759176772836,0.38901932002913414,0.11234412138040424,0.8583444061953485,-0.019569572215841546,-0.5617867511294946,0.09852786849728838,-0.214178524847954,-0.06219577495564394,-0.606337518929056,0.9181976188721731,1.5851985832005762,-0.5973798550578527,0.7847648976438655,-0.23515667194815965,-0.21714191757057974,0.872537498761042,-0.7171221907312412,1.0645907752027548,0.3797129347721429,-0.5865660686041504,-0.27053319754275934,1.2101036092754354,1.4279700918550253,-1.4330418333094572,0.13409278747009917,0.22788801337293518,0.20112760948203673,0.3917671279463727,0.5618386814151122,0.4281381627913867,0.36387551008927665,0.17152987235715572,-0.09883745421091573,0.996485992654741,-0.6107766808244219,-1.0694965488558932,0.2663721989725641,0.08608067681646019,-1.023118793098503,0.2598910762101937,-0.6943084950691168,-0.040618101993508744,-0.28258529503268065,0.5994956510456514,0.33567190995061574,-0.6260005972035363,0.14162809139232616,-0.76788898095232,-0.9627368696948504,-0.18762768402527782,0.38092061071868843,0.31387824298841716,-1.0650379901092661,0.002138635881197189,-0.6927173152576308,0.6697897361265283,0.49417054394621374,-0.31423925302887123,-0.5410715316981856,0.1863789956971265,-0.11257818114331503,-0.6106165433491892,-0.7209856381717635,-0.3042381718140427,0.17856743230785385,-0.06464177481880844,0.7567389517255828,0.26340907939084496
predictions_test=-0.27813218559712155,0.4663433038630815,0.01951842404725729,-0.3396174325559557,0.6742154072261596,0.24580492765449138,-0.2509153723519834,1.01330226749295,-0.22428968302448177,1.0093392924827547,-1.240029874023855,-0.08469926430729417,-0.8857734382651987,-0.5997657632882496,-0.2145335988489408,-0.37728955519932067,0.3683546778019558,-0.17229722287528373,-1.2975773756987348,0.5173752177795589,0.6057487383318874,-0.2081792813861747,0.3841114007598976,0.4184046605709887,-1.1331820745488943,0.2610094964762129,-0.34484457167194565,0.641528384731884,-0.42990714568522304,1.3439392764639122,-0.47620535871001995,-1.481049615050114,-1.1341183920151379,-0.5803620082653336,-0.11180660285844912,-0.02971582797026809,0.20120480982193265,0.17320182940173376,0.8392563887291477,-0.9793281444149714
train_indices=174,50,142,65,194,29,177,79,5,66,83,144,173,154,27,91,13,111,123,141,190,148,119,150,169,135,158,95,11,86,26,157,106,103,57,184,200,25,45,69,132,62,14,37,180,87,38,73,63,54,9,22,85,107,46,52,77,35,10,167,131,185,71,98,192,12,53,147,93,96,188,130,115,101,165,170,197,75,80,172,179,97,193,108,122,58,31,48,82,23,195,55,136,151,61,74,196,126,19,17,163,59,24,7,32,117,3,159,102,143,175,198,89,109,43,191,183,42,181,88,34,116,15,153,128,164,40,134,56,127,8,99,49,105,140,162,6,47,125,137,21,112,67,129,199,92,124,114,176,78,39,94,44,110,149,36,2,20,146,81
test_indices=155,30,60,152,182,145,1,16,168,138,64,84,18,139,4,70,121,90,118,189,161,120,186,166,104,187,178,76,51,33,133,68,160,113,171,100,28,41,72,156
