problem=kepler
ground_truth=T = a^(3/2)
op_inventory=polynomial
r2_train=0.9998959115266095
r2_test=0.9998593394338614
rating=0.06331085113102397
symbolic=-0.951320831475844 + 1.5821637856461546x₁ + 0.1690854367491177(x₁^2)
complexity=13
runtime=12.592999935150146
n_train=160
n_test=40
predictions_train=1.4850133722179284,25.01502413630096,3.116890342761683,21.710793252401864,23.06354298712548,23.91308895124267,29.43725598544882,2.3830704527775803,12.888286317471275,13.001251373470668,16.390677561160953,18.557499116219002,3.8020205689982,29.39845868874086,12.15749352295044,12.985967867686481,4.077071034091689,17.061911977929462,6.67524069083311,1.635076658803813,4.605333485748263,8.229814608884363,30.79192267493196,29.942312641751393,26.42852299702619,28.25063186206779,10.07918251632905,27.318209661109698,13.473667159777788,5.7835678644091075,14.672134563778602,22.810650090391448,16.728462857447123,0.7245199232760747,21.113842905444216,24.108554497641116,3.1996361263680826,27.032470839812063,1.6005504871827632,2.5595708752104684,3.6361772298348485,30.73569526063067,3.4471595121131187,12.106043487705557,26.87076627309798,24.15444548565922,0.6163499486851401,10.54250320661542,4.379384486121131,6.466138237625184,30.87710380303251,24.511897857894425,4.984858494262673,29.814828574074184,31.243397229379028,20.71545806482306,28.695436329136434,7.196882990620294,1.5891535529443135,9.645730940792024,19.52105693914605,4.517452518440713,28.997705099594874,21.901543650188017,16.86053147046715,9.974174891259112,4.036786667346728,16.053295854573058,29.74632576769075,16.221263034298822,18.43308023581192,9.425822856890019,26.31377488043265,28.88159836510597,19.52654149661796,27.58399053684249,30.213632649534198,12.143944013454332,12.38445971880542,18.435595241431514,15.497506551670012,8.989148008864207,13.527435933947269,23.669541139612505,5.386959091384285,30.752306331861305,1.5337178970335166,7.614314239073305,21.24591245341097,17.508129939740705,15.014752938895592,5.029455920080228,12.505205666858242,1.7962991173224006,18.951397845009772,0.9433782853428779,28.826846945355648,4.623092320540992,31.27657749966069,0.3420861257956208,12.842499349590762,31.710227749061737,23.453499975574502,8.710390406254659,28.799873396902996,7.221255107709052,5.204463975476931,14.787671179579709,20.25220566561964,18.26243190128524,9.481936095720473,28.03986751660924,6.526744681421517,23.0422046713911,31.699399604495113,25.865201840402488,2.0424676063702925,3.010831008973293,3.672533967012677,8.108343879919827,13.412886739170924,29.093621093081826,7.506308079298051,1.938704631305014,3.6253800539935317,28.785689185564603,17.583890763537312,24.433005136320674,5.3166909109253115,0.7759996596514315,23.0714282747637,5.74285560950517,31.17897109613685,2.0441326952719767,5.194352920239483,7.441453582177552,11.478315062491804,12.376427700049122,2.454496014579814,9.642399896306532,16.598939251159084,4.283757916676731,11.133634822303522,8.857633058272976,17.434985987857253,-0.10606017480480445,31.073663885179535,8.571337836126336,9.416762160333905,24.06982072197122,9.042488646033444,3.776190950744875,4.008897174239888,17.454716235325,11.560390564434947,5.196475052716067,6.812364294761402,0.84868503058211,21.766907720897713,3.42776552089966
predictions_test=3.6224958164733505,7.585635736418965,0.1537559287190141,4.7771128492405825,15.252969146794227,2.3708693533202587,3.2295237890340043,16.15705870084833,3.422015945775398,19.700888291444848,18.938006119307286,2.1014227697177312,30.77848604090695,21.027227369648315,3.073778825687396,20.03113529460592,27.019237405548786,3.7992181703948327,21.232810760048324,17.16195480248335,22.033997481129788,17.205491891309258,14.0768255776017,5.94978471392045,19.003626670600813,6.99498421332639,8.66206190489166,24.637172491768414,7.382489233632562,26.622720205704923,6.2962623066520536,30.879738219200295,26.26306793760952,20.077279252292698,0.9131936006684892,0.5179065060386231,1.171442595648573,25.1684848736123,31.72042482347446,29.047726884163936
train_indices=174,50,142,65,194,29,177,79,5,66,83,144,173,154,27,91,13,111,123,141,190,148,119,150,169,135,158,95,11,86,26,157,106,103,57,184,200,25,45,69,132,62,14,37,180,87,38,73,63,54,9,22,85,107,46,52,77,35,10,167,131,185,71,98,192,12,53,147,93,96,188,130,115,101,165,170,197,75,80,172,179,97,193,108,122,58,31,48,82,23,195,55,136,151,61,74,196,126,19,17,163,59,24,7,32,117,3,159,102,143,175,198,89,109,43,191,183,42,181,88,34,116,15,153,128,164,40,134,56,127,8,99,49,105,140,162,6,47,125,137,21,112,67,129,199,92,124,114,176,78,39,94,44,110,149,36,2,20,146,81
test_indices=155,30,60,152,182,145,1,16,168,138,64,84,18,139,4,70,121,90,118,189,161,120,186,166,104,187,178,76,51,33,133,68,160,113,171,100,28,41,72,156
